AndersonResult(statistic=3.4427821502071083, critical_values=array([0.569, 0.648, 0.777, 0.906, 1.078]), significance_level=array([15. , 10. ,  5. ,  2.5,  1. ]))
AndersonResult(statistic=2.770997695783592, critical_values=array([0.569, 0.648, 0.777, 0.906, 1.078]), significance_level=array([15. , 10. ,  5. ,  2.5,  1. ]))
AndersonResult(statistic=4.2670460848644325, critical_values=array([0.569, 0.648, 0.777, 0.906, 1.078]), significance_level=array([15. , 10. ,  5. ,  2.5,  1. ]))
